01 10 10 01 01 01 01 01 01 01 01 01 01 01 01 01 01 01 01 01 01 20 01 01 01 01 01 01 01 01 01 01 01 01 01 01 01 01 01 01 
01 10 01 10 01 01 01 01 01 01 01 01 01 01 01 01 01 01 01 01 20 20 01 01 01 01 01 01 01 01 01 01 01 01 01 01 01 01 01 01 
01 10 10 10 01 01 01 01 01 01 01 01 01 01 01 01 01 01 01 20 20 01 01 01 01 01 01 01 01 01 01 01 01 01 01 01 01 01 01 01 
01 10 10 10 01 01 01 01 01 01 01 01 01 01 01 01 01 01 20 20 01 01 01 01 01 01 01 01 01 01 01 01 01 01 01 01 01 01 01 01 
01 01 10 01 01 01 01 01 01 01 01 01 01 01 01 01 01 01 20 01 01 01 01 01 01 01 01 01 01 01 01 01 01 01 01 01 01 01 01 01 
01 01 01 01 01 01 01 01 01 01 01 01 01 01 01 01 01 01 20 01 01 01 01 01 01 01 01 01 01 01 01 01 01 01 01 01 01 01 01 01 
01 01 01 01 01 01 01 01 01 01 01 01 01 01 01 01 01 20 20 01 01 01 01 01 01 01 01 01 01 01 01 01 01 01 01 01 01 01 01 01 
01 01 01 01 01 01 01 01 01 01 01 01 01 01 01 01 20 20 01 01 01 01 01 01 01 01 01 01 01 01 01 01 01 01 01 01 01 01 01 01 
01 01 01 01 01 01 01 01 01 01 01 01 01 01 01 20 20 01 01 01 01 01 01 01 01 01 01 01 01 01 01 01 01 01 01 01 01 01 01 01 
01 01 01 01 01 01 01 01 01 01 01 01 01 01 01 01 20 20 01 01 01 01 01 01 01 01 01 01 01 01 01 01 01 01 01 01 01 01 01 01 
01 01 01 01 01 01 01 01 01 01 01 01 01 01 01 20 20 01 01 01 01 01 01 01 01 01 01 01 01 01 01 01 01 01 01 01 01 01 01 01 
01 01 01 01 01 01 01 10 10 01 01 01 01 01 01 20 01 01 01 01 01 01 01 01 01 01 01 01 01 01 01 01 01 01 01 01 01 01 01 01 
01 01 01 01 01 01 01 01 10 01 01 01 01 01 20 20 01 01 01 01 01 01 01 01 01 01 01 01 01 01 01 01 01 01 01 01 01 01 01 01 
01 01 01 01 01 01 01 01 01 01 01 01 01 01 20 01 01 01 01 01 01 01 01 01 01 01 01 01 01 01 01 01 01 01 01 01 01 01 01 01 
01 01 01 01 01 01 01 01 01 01 01 01 01 20 20 01 01 01 01 01 01 01 01 01 01 01 01 01 01 01 01 01 01 01 01 01 01 01 01 01 
01 01 01 01 01 01 01 01 01 01 01 01 01 01 20 20 01 01 01 01 01 01 01 01 01 01 01 01 01 01 01 01 01 01 01 01 01 01 01 01 
01 01 01 01 01 01 01 01 01 01 01 01 01 01 01 20 20 20 20 01 01 01 01 01 01 01 01 01 01 01 01 01 01 01 01 01 01 01 01 01 
01 01 01 01 01 01 01 01 01 01 01 01 01 01 01 01 01 20 25 20 01 01 01 01 01 01 01 01 01 01 01 01 01 01 01 01 01 01 01 01 
01 01 01 01 01 01 01 01 01 01 01 01 01 01 01 01 20 25 25 20 01 01 01 01 01 01 01 01 01 01 01 01 01 01 01 01 01 01 01 01 
01 01 01 01 01 01 01 01 01 01 01 01 01 01 01 20 25 25 25 25 20 01 01 01 01 01 01 01 01 01 01 01 01 01 01 01 01 01 01 01 
01 01 01 01 01 01 01 01 01 01 01 01 01 01 20 25 25 25 25 25 20 01 01 01 01 01 01 01 01 01 01 01 01 01 01 01 01 01 01 01 
01 01 01 01 01 01 01 01 01 01 01 01 01 20 25 25 25 25 25 25 20 01 01 01 01 01 01 01 01 01 01 01 01 01 01 01 01 01 01 01 
01 01 01 01 01 01 01 01 01 01 01 01 01 01 20 25 25 25 25 25 20 01 01 01 01 01 01 01 01 01 01 01 01 01 01 01 01 01 01 01 
01 01 01 01 01 01 01 01 01 01 01 01 01 01 01 20 25 25 25 20 01 01 01 01 01 01 01 01 01 01 01 01 01 01 01 01 01 01 01 01 
01 01 01 01 01 01 01 01 01 01 01 01 01 01 01 01 20 20 20 01 01 01 01 01 01 01 01 01 01 01 01 01 01 01 01 01 01 01 01 01 
01 01 01 01 01 01 01 01 01 01 01 01 01 01 01 01 01 01 01 01 01 01 01 01 01 01 01 01 01 01 01 01 01 01 01 01 01 01 01 01 
01 01 01 01 01 01 01 01 01 01 01 01 01 01 01 01 01 01 01 01 01 01 01 01 01 01 01 01 01 01 01 01 01 01 01 01 01 01 01 01 
01 01 01 01 01 01 01 01 01 01 01 01 01 01 01 01 01 01 01 01 01 01 01 01 01 01 01 01 01 01 10 10 01 01 01 01 01 01 01 01 
01 01 01 01 01 01 01 01 01 01 01 01 01 01 01 01 01 01 01 01 01 01 01 01 01 01 01 01 10 10 10 10 01 01 01 01 01 01 01 01 
01 01 01 01 01 01 01 01 01 01 01 01 01 01 01 01 01 01 01 01 01 01 01 01 01 01 01 01 10 10 10 01 01 01 01 01 01 01 01 01 
01 01 01 01 01 01 01 01 01 01 01 01 01 01 01 01 01 01 01 01 01 01 01 01 01 01 01 01 01 01 10 01 01 01 01 01 01 01 01 01 
01 01 01 01 01 01 01 01 01 01 01 01 01 01 01 01 01 01 01 01 01 01 01 01 01 01 01 01 01 01 01 01 01 01 01 01 01 01 01 01 
01 01 01 01 01 01 01 01 01 01 01 01 01 01 01 01 01 01 01 01 01 01 01 01 01 01 01 01 01 01 01 01 01 01 01 01 01 01 01 01 
01 01 01 01 01 01 01 01 01 01 01 01 01 01 01 01 01 01 01 01 01 01 01 01 01 01 01 01 01 01 01 01 01 01 01 01 01 01 01 01 
01 01 01 01 01 01 01 01 01 01 01 01 01 01 01 01 01 01 01 01 01 01 01 01 01 01 01 01 01 01 01 01 01 01 01 01 01 01 01 01 
01 01 01 01 01 01 01 01 01 01 01 01 01 01 01 01 01 01 01 01 01 01 01 01 01 01 01 01 01 01 01 01 01 01 01 01 01 01 01 01 
01 01 01 01 01 01 01 01 01 01 01 01 01 01 01 01 01 01 01 01 01 01 01 01 01 01 01 01 01 01 01 01 01 01 01 01 01 01 01 01 
01 01 01 01 01 01 01 01 01 01 01 01 01 01 01 01 01 01 01 01 01 01 01 01 01 01 01 01 01 01 01 01 01 01 01 01 01 01 01 01 
01 01 01 01 01 01 01 01 01 01 01 01 01 01 01 01 01 01 01 01 01 01 01 01 01 01 01 01 01 01 01 01 01 01 01 01 01 01 01 01 
01 01 01 01 01 01 01 01 01 01 01 01 01 01 01 01 01 01 01 01 01 01 01 01 01 01 01 01 01 01 01 01 01 01 01 01 01 01 01 01