01 02 02 05 01 01 01 01 01 01 01 01 01 01 01 01 01 01 01 01 01 03 01 01 01 01 01 01 01 01 01 01 01 01 01 01 01 01 01 01 
01 02 05 02 01 01 01 01 01 01 01 01 01 01 01 01 01 01 01 01 03 03 01 01 01 01 01 01 01 01 01 01 01 01 01 01 01 01 01 01 
01 02 02 02 01 01 01 01 01 01 01 01 01 01 01 01 01 01 01 03 03 01 01 01 01 01 01 01 01 01 01 01 01 01 01 01 01 01 01 01 
01 02 02 02 01 01 01 01 01 01 01 01 01 01 01 01 01 01 03 03 01 01 01 01 01 01 01 01 01 01 01 01 01 01 01 01 01 01 01 01 
01 01 02 01 01 01 01 01 01 01 01 01 01 01 01 01 01 01 03 01 01 01 01 01 01 01 01 01 01 01 01 01 01 01 01 01 01 01 01 01 
01 01 01 01 01 01 01 01 01 01 01 01 01 01 01 01 01 01 03 01 01 01 01 01 01 01 01 01 01 01 01 01 01 01 01 01 01 01 01 01 
01 01 01 01 05 01 01 01 01 01 01 01 01 01 01 01 01 03 03 01 01 01 01 01 01 01 01 01 01 01 01 01 01 01 01 01 01 01 01 01 
01 01 01 05 05 05 01 01 01 01 01 01 01 01 01 01 03 03 01 01 01 01 01 01 01 01 01 01 01 01 01 01 01 01 01 01 01 01 01 01 
01 01 01 05 05 05 01 01 01 01 01 01 01 01 01 03 03 01 01 01 01 01 01 01 01 01 01 01 01 01 01 01 01 01 01 01 01 01 01 01 
01 01 01 01 01 05 01 01 01 01 01 01 01 01 01 01 03 03 01 01 01 01 01 01 01 01 01 01 01 01 01 01 01 01 01 01 01 01 01 01 
01 01 01 01 01 01 01 01 01 01 01 01 01 01 01 03 03 01 01 01 01 01 01 01 01 01 01 01 01 01 01 01 01 01 01 01 01 01 01 01 
01 01 01 01 01 01 01 02 02 01 01 01 01 01 01 03 01 01 01 01 01 01 01 01 01 01 01 01 01 01 01 01 01 01 01 01 01 01 01 01 
01 01 01 01 01 01 01 01 02 01 01 01 01 01 03 03 01 01 01 01 01 01 01 01 01 01 01 01 01 01 01 01 01 01 01 01 01 01 01 01 
01 01 01 01 01 01 01 01 01 01 01 01 01 01 03 01 01 01 01 01 01 01 01 01 01 01 01 01 01 01 01 01 01 01 01 01 01 01 01 01 
01 01 01 01 01 01 01 01 01 01 01 01 01 03 03 01 01 01 01 01 01 01 01 01 01 01 01 01 01 01 01 01 01 01 01 01 01 01 01 01 
01 01 01 01 01 01 01 01 01 01 01 01 01 01 03 03 01 01 01 01 01 01 01 01 01 01 01 01 01 01 01 01 01 01 01 01 01 01 01 01 
01 01 01 01 01 01 01 01 01 01 01 01 01 01 01 03 03 03 03 01 01 01 01 01 01 01 01 01 01 01 01 01 01 01 01 01 01 01 01 01 
01 01 01 01 01 01 01 01 01 01 01 01 01 01 01 01 01 03 03 03 01 01 01 01 01 01 01 01 01 01 01 01 01 01 01 01 01 01 01 01 
01 01 01 01 01 01 01 01 01 01 01 01 01 01 01 01 03 03 03 03 03 01 01 01 01 01 01 01 01 01 01 01 01 01 01 01 01 01 01 01 
01 01 01 01 01 01 01 01 01 01 01 01 01 01 01 03 03 03 03 03 03 01 01 01 01 01 01 01 01 01 01 01 01 01 01 01 01 01 01 01 
01 01 01 01 01 01 01 01 01 01 01 01 01 01 01 01 03 03 03 03 01 01 01 01 01 01 01 01 01 01 01 01 01 01 01 01 01 01 01 01 
01 01 01 01 01 01 01 01 01 01 01 01 01 01 01 01 01 01 03 01 01 01 01 01 01 01 01 01 01 01 01 01 01 01 01 01 01 01 01 01 
01 01 01 01 01 01 01 01 01 01 01 01 01 01 01 01 01 01 01 01 01 01 01 01 01 01 01 01 01 01 01 01 01 01 01 01 01 01 01 01 
01 01 01 01 01 01 01 01 01 01 01 01 01 01 01 01 01 01 01 01 01 01 01 01 01 01 01 01 01 01 01 01 01 01 01 01 01 01 01 01 
01 01 01 01 01 01 01 01 01 01 01 01 01 01 01 01 01 01 01 01 01 01 01 01 01 01 01 01 01 01 01 01 01 01 01 01 01 01 01 01 
01 01 01 01 01 01 01 01 01 01 01 01 01 01 01 01 01 01 01 01 01 01 01 01 01 01 01 01 01 01 01 01 01 01 01 01 01 01 01 01 
01 01 01 01 01 01 01 01 01 01 01 01 01 01 01 01 01 01 01 01 01 01 01 01 01 01 01 01 01 01 01 01 01 01 01 01 01 01 01 01 
01 01 01 01 01 01 01 01 01 01 01 01 01 01 01 01 01 01 01 01 01 01 01 01 01 01 01 01 01 01 02 02 01 01 01 01 01 01 01 01 
01 01 01 01 01 01 01 01 01 01 01 01 01 01 01 01 01 01 01 01 01 01 01 01 01 01 01 01 02 02 02 02 01 01 01 01 01 01 01 01 
01 01 01 01 01 01 01 01 01 01 01 01 01 05 01 01 01 01 01 01 01 01 01 01 01 01 01 01 02 02 02 01 01 01 01 01 01 01 01 01 
01 01 01 01 01 01 01 01 01 01 01 01 01 01 01 01 01 01 01 01 01 01 01 01 01 01 01 01 01 01 02 01 01 01 01 01 01 01 01 01 
01 01 01 01 01 01 01 01 01 01 01 01 01 01 01 01 01 01 01 01 01 01 01 01 01 01 01 01 01 01 01 01 01 01 01 01 01 01 01 01 
01 01 01 01 01 01 01 01 01 01 01 01 01 01 01 01 01 01 01 01 01 01 01 01 01 01 01 01 01 01 01 01 01 01 01 01 01 01 01 01 
01 01 01 01 01 01 01 01 01 01 01 01 01 01 01 01 01 01 01 01 01 01 01 01 01 01 01 01 01 01 01 01 01 01 01 01 01 01 01 01 
01 01 01 01 01 01 01 01 01 01 01 01 01 01 01 01 01 01 01 01 01 01 01 01 01 01 01 01 01 01 01 01 01 01 01 01 01 01 01 01 
01 01 01 01 01 01 01 01 01 01 01 01 01 01 01 01 01 01 01 01 01 01 01 01 01 01 01 01 01 01 01 01 01 01 01 01 01 01 01 01 
01 01 01 01 01 01 01 01 01 01 01 01 01 01 01 01 01 01 01 01 01 01 01 01 01 01 01 01 01 01 01 01 01 01 01 01 01 01 01 01 
01 01 01 01 01 01 01 01 01 01 01 01 01 01 01 01 01 01 01 01 01 01 01 01 01 01 01 01 01 01 01 01 01 01 01 01 01 01 01 01 
01 01 01 01 01 01 01 01 01 01 01 01 01 01 01 01 01 01 01 01 01 01 01 01 01 01 01 01 01 01 01 01 01 01 01 01 01 01 01 01 
01 01 01 01 01 01 01 01 01 01 01 01 01 01 01 01 01 01 01 01 01 01 01 01 01 01 01 01 01 01 01 01 01 01 01 01 01 01 01 01